0.8266228095121893 0.0038590691378592 0.0039835552390805 0.0030366445674958 0.3512531402021492 0.0148188254893794 0.0052178962990773 0.0031131986322226 0.0641760158988873 0.0123490212411495 0.0023596855874808 0.0019705884959281 0.0047496235542883 0.0024213767139509 0.2164710782272092 0.0029402431526546 0.0529243767477837 0.0016916467453629 0.0018998494217153 0.0019195369804896 0.1481882548937943 0.0048746136478222 0.0123490212411495 0.0217923904255580 0.0641199179828918 0.0060732891349916 
0.0008160146194592 0.6791961682632236 0.0039835552390805 0.0030366445674958 0.0010676387240187 0.0296376509787589 0.0052178962990773 0.0031131986322226 0.0014585458158838 0.0123490212411495 0.0023596855874808 0.0019705884959281 0.0047496235542883 0.0024213767139509 0.0014528260283705 0.0147012157632732 0.0529243767477837 0.0016916467453629 0.0018998494217153 0.0019195369804896 0.0026462188373892 0.2486052960389311 0.0617451062057476 0.0217923904255580 0.0071244353314324 0.0060732891349916 
0.0008160146194592 0.0038590691378592 1.0118230307264446 0.0030366445674958 0.0010676387240187 0.0148188254893794 0.0313073777944636 0.0217923904255580 0.0014585458158838 0.0123490212411495 0.7527397024063753 0.0019705884959281 0.0047496235542883 0.0024213767139509 0.0014528260283705 0.0029402431526546 0.7938656512167549 0.0016916467453629 0.0664947297600359 0.0403102765902808 0.0026462188373892 0.0243730682391109 0.0123490212411495 0.1525467329789059 0.0071244353314324 0.0060732891349916 
0.0008160146194592 0.0038590691378592 0.0039835552390805 0.5344494438792580 0.0010676387240187 0.0444564764681383 0.0052178962990773 0.0031131986322226 0.0014585458158838 0.0123490212411495 0.0023596855874808 0.0019705884959281 0.0047496235542883 0.0024213767139509 0.0014528260283705 0.0029402431526546 0.0529243767477837 0.0016916467453629 0.0018998494217153 0.2034709199318937 0.0026462188373892 0.0048746136478222 0.0123490212411495 0.0217923904255580 0.0071244353314324 0.1275390718348229 
0.2684688098020832 0.0038590691378592 0.0039835552390805 0.0030366445674958 0.5412928330774761 0.0148188254893794 0.0052178962990773 0.0031131986322226 0.3019189838879469 0.0123490212411495 0.0023596855874808 0.0019705884959281 0.0047496235542883 0.0024213767139509 0.1743391234044638 0.0029402431526546 0.0529243767477837 0.0016916467453629 0.0018998494217153 0.0019195369804896 0.2064050693163563 0.0048746136478222 0.0123490212411495 0.0217923904255580 0.2921018485887291 0.0060732891349916 
0.0008160146194592 0.0077181382757185 0.0039835552390805 0.0091099337024874 0.0010676387240187 0.2519200333194502 0.0052178962990773 0.0031131986322226 0.0014585458158838 0.0123490212411495 0.0023596855874808 0.0019705884959281 0.0047496235542883 0.0024213767139509 0.0014528260283705 0.0029402431526546 0.0529243767477837 0.0016916467453629 0.0018998494217153 0.0019195369804896 0.0026462188373892 0.0536207501260440 0.0617451062057476 0.0217923904255580 0.0071244353314324 0.0060732891349916 
0.0008160146194592 0.0038590691378592 0.0239013314344829 0.0030366445674958 0.0010676387240187 0.0148188254893794 0.3495990520381766 0.0498111781155611 0.0014585458158838 0.0123490212411495 0.0778696243868664 0.0019705884959281 0.0047496235542883 0.0024213767139509 0.0014528260283705 0.0029402431526546 0.0529243767477837 0.0016916467453629 0.0018998494217153 0.0019195369804896 0.0026462188373892 0.0146238409434665 0.0123490212411495 0.0217923904255580 0.0071244353314324 0.0789527587548904 
0.0008160146194592 0.0038590691378592 0.0278848866735634 0.0030366445674958 0.0010676387240187 0.0148188254893794 0.0834863407852362 0.3798102331311534 0.0014585458158838 0.0123490212411495 0.0023596855874808 0.0019705884959281 0.0047496235542883 0.0024213767139509 0.0014528260283705 0.0029402431526546 0.0529243767477837 0.0016916467453629 0.0227981930605837 0.0019195369804896 0.0026462188373892 0.0048746136478222 0.0123490212411495 0.4358478085111596 0.0071244353314324 0.0060732891349916 
0.0359046432562057 0.0038590691378592 0.0039835552390805 0.0030366445674958 0.2210012158718689 0.0148188254893794 0.0052178962990773 0.0031131986322226 0.4346466531333729 0.1975843398583924 0.0023596855874808 0.0019705884959281 0.0047496235542883 0.0024213767139509 0.1002449959575667 0.0029402431526546 0.0529243767477837 0.0016916467453629 0.0018998494217153 0.0019195369804896 0.1243722853572916 0.0048746136478222 0.0123490212411495 0.0217923904255580 0.4630882965431070 0.0060732891349916 
0.0008160146194592 0.0038590691378592 0.0039835552390805 0.0030366445674958 0.0010676387240187 0.0148188254893794 0.0052178962990773 0.0031131986322226 0.0233367330541408 0.4445647646813828 0.0023596855874808 0.0019705884959281 0.0047496235542883 0.0024213767139509 0.0014528260283705 0.0029402431526546 0.0529243767477837 0.0016916467453629 0.0037996988434306 0.0019195369804896 0.0026462188373892 0.0048746136478222 0.0123490212411495 0.0217923904255580 0.0997420946400538 0.0971726261598651 
0.0008160146194592 0.0038590691378592 1.2707541212666766 0.0030366445674958 0.0010676387240187 0.0148188254893794 0.1721905778695497 0.0031131986322226 0.0014585458158838 0.0123490212411495 0.6677910212570665 0.0019705884959281 0.0047496235542883 0.0024213767139509 0.0014528260283705 0.0029402431526546 0.4233950139822693 0.0016916467453629 0.0094992471085766 0.0019195369804896 0.0026462188373892 0.0194984545912887 0.0123490212411495 0.0217923904255580 0.0071244353314324 0.0060732891349916 
0.0008160146194592 0.0038590691378592 0.0039835552390805 0.0030366445674958 0.0010676387240187 0.0148188254893794 0.0052178962990773 0.0031131986322226 0.0014585458158838 0.0123490212411495 0.0023596855874808 0.9833236594681295 0.0047496235542883 0.0024213767139509 0.0014528260283705 0.0029402431526546 0.0529243767477837 0.0016916467453629 0.0018998494217153 0.0019195369804896 0.0026462188373892 0.0048746136478222 0.0123490212411495 0.0217923904255580 0.0071244353314324 0.0060732891349916 
0.0008160146194592 0.0038590691378592 0.0039835552390805 0.0030366445674958 0.0010676387240187 0.0148188254893794 0.0052178962990773 0.0031131986322226 0.0014585458158838 0.0123490212411495 0.0023596855874808 0.0019705884959281 0.8406833691090251 0.0169496369976562 0.0014528260283705 0.0029402431526546 0.0529243767477837 0.0016916467453629 0.0018998494217153 0.0019195369804896 0.0026462188373892 0.0048746136478222 0.0123490212411495 0.0217923904255580 0.0071244353314324 0.0060732891349916 
0.0008160146194592 0.0038590691378592 0.0039835552390805 0.0030366445674958 0.0010676387240187 0.0148188254893794 0.0052178962990773 0.0031131986322226 0.0014585458158838 0.0123490212411495 0.0023596855874808 0.0019705884959281 0.0332473648800179 0.9152803978734351 0.0014528260283705 0.0029402431526546 0.0529243767477837 0.0016916467453629 0.0018998494217153 0.0019195369804896 0.0026462188373892 0.0048746136478222 0.0123490212411495 0.0217923904255580 0.0071244353314324 0.0060732891349916 
0.1215861782994237 0.0038590691378592 0.0039835552390805 0.0030366445674958 0.1281166468822429 0.0148188254893794 0.0052178962990773 0.0031131986322226 0.1006396612959823 0.0123490212411495 0.0023596855874808 0.0019705884959281 0.0047496235542883 0.0024213767139509 0.7714506210647525 0.0029402431526546 0.0529243767477837 0.0016916467453629 0.0018998494217153 0.0019195369804896 0.5133664544535015 0.0048746136478222 0.0123490212411495 0.0217923904255580 0.1567375772915131 0.0060732891349916 
0.0008160146194592 0.0192953456892961 0.0039835552390805 0.0030366445674958 0.0010676387240187 0.0148188254893794 0.0052178962990773 0.0031131986322226 0.0014585458158838 0.0123490212411495 0.0023596855874808 0.0019705884959281 0.0047496235542883 0.0024213767139509 0.0014528260283705 1.1290533706193848 0.0529243767477837 0.0016916467453629 0.0018998494217153 0.0019195369804896 0.0026462188373892 0.0048746136478222 0.0123490212411495 0.0217923904255580 0.0071244353314324 0.0060732891349916 
0.0008160146194592 0.0038590691378592 0.0597533285862074 0.0030366445674958 0.0010676387240187 0.0148188254893794 0.0052178962990773 0.0031131986322226 0.0014585458158838 0.0123490212411495 0.0188774846998464 0.0019705884959281 0.0047496235542883 0.0024213767139509 0.0014528260283705 0.0029402431526546 1.1643362884512405 0.0016916467453629 0.0284977413257297 0.0019195369804896 0.0026462188373892 0.0048746136478222 0.0123490212411495 0.0217923904255580 0.0071244353314324 0.0060732891349916 
0.0008160146194592 0.0038590691378592 0.0039835552390805 0.0030366445674958 0.0010676387240187 0.0148188254893794 0.0052178962990773 0.0031131986322226 0.0014585458158838 0.0123490212411495 0.0023596855874808 0.0019705884959281 0.0047496235542883 0.0024213767139509 0.0014528260283705 0.0029402431526546 0.0529243767477837 1.1147952051941827 0.0018998494217153 0.0019195369804896 0.0026462188373892 0.0048746136478222 0.0123490212411495 0.0217923904255580 0.0071244353314324 0.0060732891349916 
0.0008160146194592 0.0038590691378592 0.1394244333678172 0.0030366445674958 0.0010676387240187 0.0148188254893794 0.0052178962990773 0.0373583835866708 0.0014585458158838 0.0246980424822990 0.0117984279374040 0.0019705884959281 0.0047496235542883 0.0024213767139509 0.0014528260283705 0.0029402431526546 0.7938656512167549 0.0016916467453629 0.8055361548072919 0.0095976849024478 0.0026462188373892 0.0048746136478222 0.0123490212411495 0.0217923904255580 0.0071244353314324 0.0546596022149241 
0.0008160146194592 0.0038590691378592 0.0836546600206903 0.3218843241545531 0.0010676387240187 0.0148188254893794 0.0052178962990773 0.0031131986322226 0.0014585458158838 0.0123490212411495 0.0023596855874808 0.0019705884959281 0.0047496235542883 0.0024213767139509 0.0014528260283705 0.0029402431526546 0.0529243767477837 0.0016916467453629 0.0094992471085766 0.9136996027130319 0.0026462188373892 0.0048746136478222 0.0123490212411495 0.0217923904255580 0.0071244353314324 0.0060732891349916 
0.0456968186897163 0.0038590691378592 0.0039835552390805 0.0030366445674958 0.0832758204734579 0.0148188254893794 0.0052178962990773 0.0031131986322226 0.0685516533465387 0.0123490212411495 0.0023596855874808 0.0019705884959281 0.0047496235542883 0.0024213767139509 0.2818482495038832 0.0029402431526546 0.0529243767477837 0.0016916467453629 0.0018998494217153 0.0019195369804896 0.4339798893318260 0.0097492272956444 0.0864431486880466 0.0217923904255580 0.1282398359657835 0.0060732891349916 
0.0008160146194592 0.1968125260308205 0.0199177761954025 0.0030366445674958 0.0010676387240187 0.1630070803831737 0.0156536888972318 0.0031131986322226 0.0014585458158838 0.0123490212411495 0.0094387423499232 0.0019705884959281 0.0047496235542883 0.0024213767139509 0.0014528260283705 0.0029402431526546 0.0529243767477837 0.0016916467453629 0.0018998494217153 0.0019195369804896 0.0052924376747784 0.6288251605690611 0.8644314868804665 0.0217923904255580 0.0071244353314324 0.0060732891349916 
0.0008160146194592 0.0192953456892961 0.0039835552390805 0.0030366445674958 0.0010676387240187 0.0740941274468971 0.0052178962990773 0.0031131986322226 0.0014585458158838 0.0123490212411495 0.0023596855874808 0.0019705884959281 0.0047496235542883 0.0024213767139509 0.0014528260283705 0.0029402431526546 0.0529243767477837 0.0016916467453629 0.0018998494217153 0.0019195369804896 0.0185235318617243 0.3412229553475525 0.3581216159933361 0.0217923904255580 0.0071244353314324 0.0060732891349916 
0.0008160146194592 0.0038590691378592 0.0278848866735634 0.0030366445674958 0.0010676387240187 0.0148188254893794 0.0052178962990773 0.0622639726444514 0.0014585458158838 0.0123490212411495 0.0023596855874808 0.0019705884959281 0.0047496235542883 0.0024213767139509 0.0014528260283705 0.0029402431526546 0.0529243767477837 0.0016916467453629 0.0018998494217153 0.0019195369804896 0.0026462188373892 0.0048746136478222 0.0123490212411495 0.0653771712766739 0.0071244353314324 0.0060732891349916 
0.0073441315751330 0.0038590691378592 0.0039835552390805 0.0030366445674958 0.0437731876847663 0.0148188254893794 0.0052178962990773 0.0031131986322226 0.0948054780324471 0.1728862973760933 0.0023596855874808 0.0019705884959281 0.0047496235542883 0.0024213767139509 0.0319621726241517 0.0029402431526546 0.0529243767477837 0.0016916467453629 0.0018998494217153 0.0019195369804896 0.0476319390730053 0.0048746136478222 0.0123490212411495 0.0217923904255580 0.1638620126229456 0.0060732891349916 
0.0008160146194592 0.0038590691378592 0.0039835552390805 0.0637695359174115 0.0010676387240187 0.0148188254893794 0.0678326518880044 0.0031131986322226 0.0014585458158838 0.1975843398583924 0.0023596855874808 0.0019705884959281 0.0047496235542883 0.0024213767139509 0.0014528260283705 0.0029402431526546 0.0529243767477837 0.0016916467453629 0.0170986447954378 0.0019195369804896 0.0026462188373892 0.0048746136478222 0.0123490212411495 0.0217923904255580 0.0071244353314324 0.8198940332238616 
